85 68 33 21 83 41 31 77 70 3 47 91 60 36 97 69 91 77 78 54 28 4 73 13 65 11 43 44 45 39 63 45 55 27 28 78 24 71 11 78 18 60 80 25 61 87 90 66 60 39 25 46 21 2 85 45 7 71 71 97 53 66 60 27 92 31 27 21 1 29 58 58 63 4 39 14 87 62 49 58 40 77 3 24 41 95 78 94 74 55 61 58 77 69 88 65 86 93 24 68 22
6 40 49 17 9 6 64 81 73 94 9 32 22 56 52 22 16 26 31 5 85 65 35 97 54 53 82 49 5 69 84 21 74 26 81 60 48 34 65 89 69 92 39 31 82 60 9 33 11 33 86 74 78 17 98 57 71 22 9 18 31 3 47 22 41 69 28 57 85 80 47 1 9 41 38 69 21 38 94 5 51 12 28 84 11 80 70 27 54 29 50 73 83 43 53 9 61 22 85 71 89
12 80 28 52 14 2 27 40 40 35 41 80 97 75 9 9 19 18 95 17 40 11 41 6 40 73 69 70 1 43 31 98 94 71 4 25 15 91 88 69 54 43 11 70 61 20 29 92 94 17 90 93 39 33 6 14 47 3 63 93 88 15 94 13 16 78 65 60 38 93 67 3 33 46 82 21 27 32 69 37 96 57 13 81 96 36 80 3 10 4 5 15 38 95 1 55 44 86 58 61 74
70 42 85 2 43 9 13 72 75 34 8 51 12 24 37 21 41 11 14 82 50 41 61 65 37 61 85 65 33 95 9 90 13 63 54 19 93 73 77 80 7 36 62 3 57 91 16 13 83 10 77 60 59 56 59 94 31 87 83 23 99 66 48 4 97 31 24 91 59 81 75 83 76 82 94 27 82 47 70 4 91 48 31 74 21 38 77 53 98 61 46 60 1 12 24 69 9 42 50 15 58
59 15 44 12 98 45 52 38 48 76 78 93 49 57 85 57 66 65 25 99 17 35 32 5 45 18 12 58 93 20 4 93 62 82 70 93 60 52 30 79 14 25 99 61 59 69 44 19 94 13 94 98 54 80 24 84 84 95 82 31 74 10 11 44 43 68 71 19 53 84 2 92 46 34 51 90 70 89 38 81 97 7 34 46 9 2 25 29 98 74 88 26 9 60 93 68 44 47 77 95 92
25 40 65 60 85 19 41 70 91 1 39 27 38 81 14 98 12 34 17 58 41 53 9 52 31 65 94 99 41 29 94 59 77 11 84 71 93 14 50 3 1 76 47 16 63 60 88 54 90 56 13 66 68 32 58 90 26 63 6 76 81 24 12 22 42 14 82 48 60 19 77 74 47 99 4 57 25 87 87 56 10 93 28 64 49 8 52 19 76 4 93 76 69 88 64 87 52 55 77 89 24
8 5 27 32 84 34 32 54 94 52 96 4 6 40 27 46 85 66 35 59 57 27 86 24 65 53 83 62 83 79 60 23 18 27 76 82 92 23 8 71 80 94 70 36 27 24 60 87 57 61 2 72 32 86 61 38 30 24 25 91 34 31 63 59 58 37 27 61 33 20 79 39 68 14 77 40 76 13 43 81 6 56 78 59 86 98 1 36 16 44 73 88 66 91 53 59 52 36 69 27 91
20 96 73 10 57 34 95 79 50 80 60 78 19 25 86 37 44 18 82 66 17 65 29 63 10 62 1 51 40 4 76 25 46 86 65 90 64 9 26 4 72 39 87 19 18 89 34 25 98 12 56 18 21 57 35 77 98 37 12 15 47 90 72 64 6 9 65 65 35 80 88 27 23 75 87 89 53 28 22 53 74 29 68 63 48 30 58 30 55 28 90 88 29 34 24 38 14 48 5 52 60
67 10 41 47 40 95 77 51 11 59 67 84 42 75 13 95 32 28 71 39 32 40 8 88 50 88 87 26 67 56 7 17 98 55 98 4 34 36 20 98 88 64 34 43 24 11 11 73 38 16 36 10 69 73 69 52 97 2 64 27 5 2 25 56 27 1 78 32 19 55 1 54 67 38 23 24 26 54 38 19 13 29 93 65 32 78 50 91 1 24 92 89 82 79 54 36 20 10 9 61 21
2 92 77 45 58 47 25 7 55 79 11 10 97 60 83 9 2 73 78 48 58 63 16 27 44 19 4 32 54 29 11 71 66 94 24 62 28 3 69 91 57 70 16 81 10 30 82 35 93 68 13 78 49 27 86 49 83 35 28 85 55 90 64 97 81 21 51 78 67 10 60 78 77 34 51 95 98 74 38 62 99 20 20 48 77 67 84 8 87 3 72 79 96 10 59 84 52 91 28 55 40
24 67 76 28 4 88 33 2 92 48 37 29 36 43 30 10 16 98 35 30 86 21 83 45 15 41 38 78 44 33 30 97 31 40 46 91 4 5 63 5 34 14 49 64 79 64 4 57 11 66 17 6 33 15 49 77 38 18 46 40 16 20 73 6 4 23 38 47 73 45 39 67 58 63 85 35 98 43 11 83 46 96 55 20 92 14 31 86 16 66 95 21 97 66 41 34 98 75 3 3 81
29 95 64 33 12 8 3 72 20 44 18 45 15 40 82 60 71 55 12 76 8 13 28 78 52 78 39 14 88 47 70 38 69 53 44 43 48 36 1 52 94 85 92 91 47 2 45 18 13 11 95 22 27 23 57 30 61 85 32 37 56 88 38 10 27 76 55 73 83 89 27 30 4 46 79 13 22 77 57 80 38 42 69 58 23 87 97 18 73 16 3 86 17 66 38 8 31 94 59 49 85
81 10 30 11 67 85 60 4 23 66 82 93 5 66 46 74 59 70 71 72 54 10 10 69 53 57 44 75 79 48 77 22 54 81 49 56 96 3 58 93 96 12 98 24 5 25 49 3 91 21 12 34 59 73 18 45 51 98 93 71 95 98 69 75 10 50 63 2 84 32 22 58 13 56 60 97 45 70 42 54 92 69 26 30 55 6 33 71 31 93 32 79 62 41 15 31 89 64 50 34 13
86 44 47 50 32 65 18 43 20 66 85 64 11 31 87 81 18 70 88 17 67 21 75 41 19 15 44 47 12 67 13 19 82 3 55 79 88 14 55 35 24 81 60 72 18 40 36 51 81 42 70 39 24 59 67 2 39 99 14 44 82 59 88 45 45 28 47 77 66 92 35 19 61 28 42 8 51 63 68 70 64 26 56 50 6 2 10 7 61 83 60 52 77 72 44 98 73 89 35 96 60
42 40 31 47 44 77 16 30 24 1 46 98 3 96 99 89 1 83 12 34 76 73 21 34 16 54 18 13 98 60 30 41 7 59 13 15 2 94 16 64 93 66 45 50 4 66 16 80 70 65 81 50 46 92 11 63 78 6 89 42 51 96 35 52 64 79 58 62 41 49 84 78 52 87 72 84 96 56 22 25 30 66 33 32 99 77 22 95 27 19 60 75 85 81 11 85 18 77 76 13 96
62 11 44 45 60 42 50 22 78 50 28 15 46 64 2 51 4 99 25 15 67 33 91 70 66 64 66 91 14 51 94 85 27 65 82 19 93 71 5 56 17 48 13 83 96 88 99 52 46 10 83 40 5 26 2 94 31 4 9 44 59 23 22 17 36 7 96 90 14 92 70 26 18 77 98 12 53 55 63 40 89 12 45 69 33 87 36 78 49 69 40 67 28 87 66 5 80 83 2 67 46
78 8 81 96 27 91 19 96 78 69 85 22 59 94 54 64 13 26 66 30 2 54 98 65 44 83 91 7 27 33 90 38 24 61 37 62 69 84 16 78 77 32 74 6 97 62 54 19 73 61 64 48 33 48 39 71 39 89 83 61 69 1 23 58 80 57 7 94 52 51 81 9 13 85 92 38 47 6 98 26 13 34 6 46 2 44 37 28 95 96 93 10 68 16 42 33 97 35 57 62 59
57 51 38 69 69 97 68 63 70 30 95 39 86 44 99 26 90 68 13 72 68 19 89 14 44 25 64 77 66 68 68 4 36 98 20 63 8 77 35 35 29 15 62 34 24 11 44 93 52 7 1 39 86 86 5 81 5 42 23 16 37 14 64 88 42 77 20 61 71 75 74 23 17 90 64 33 41 28 79 49 50 37 78 86 6 8 12 12 44 34 36 62 26 91 92 41 3 32 29 9 61
67 28 50 87 44 78 32 67 91 12 28 71 25 72 19 79 71 73 5 79 7 35 61 44 22 33 62 20 13 58 51 62 89 9 47 76 7 36 96 47 97 61 65 18 18 71 20 79 64 25 50 39 50 2 24 81 58 55 60 77 88 13 26 7 14 43 2 91 16 27 73 74 75 57 60 46 94 52 35 6 85 82 91 32 96 92 99 40 96 43 3 90 77 20 30 19 1 42 12 34 37
52 26 33 13 6 15 6 88 9 12 96 28 19 96 71 89 73 91 23 83 53 83 29 65 26 26 82 85 90 14 5 95 19 84 76 85 35 89 74 28 2 63 42 60 48 83 29 76 61 51 24 95 19 62 18 60 11 69 84 55 40 19 72 62 18 12 55 44 2 57 33 75 76 50 76 13 31 88 99 26 7 2 27 60 30 4 63 62 67 91 29 6 39 79 39 75 85 96 76 37 78
3 47 42 33 4 41 58 88 82 64 5 75 81 49 34 91 54 73 98 11 89 55 46 21 11 8 84 14 63 72 27 91 61 41 94 65 44 18 51 87 25 48 10 37 64 70 79 95 24 86 82 49 81 49 93 55 98 4 4 13 96 20 76 60 40 5 81 51 9 48 67 95 46 40 4 60 11 81 21 76 98 4 85 38 55 76 62 84 6 1 98 19 2 78 83 20 36 20 65 1 20
76 34 32 46 48 61 82 70 97 81 10 31 16 4 88 72 23 57 95 40 85 5 76 9 11 98 44 15 29 33 11 17 33 83 71 76 37 95 96 41 63 60 67 64 45 87 30 55 5 70 93 22 13 92 86 67 23 69 87 32 80 88 97 10 58 99 63 22 78 91 57 47 41 17 26 64 98 73 92 7 8 27 61 55 61 50 71 84 27 76 86 3 3 96 1 2 60 13 84 58 87
83 1 99 92 46 60 18 23 3 25 8 81 24 24 68 55 10 47 53 24 33 1 69 93 80 71 81 62 21 51 47 50 68 25 54 76 81 29 21 71 58 24 56 66 49 8 61 73 49 39 69 47 65 8 45 74 24 25 83 47 53 41 4 19 23 77 34 92 74 35 81 80 11 41 99 64 17 96 76 83 33 39 14 21 86 29 83 28 91 73 20 3 43 89 32 47 60 77 86 51 6
64 63 54 11 99 71 28 62 39 68 19 7 85 10 81 69 8 46 11 51 60 73 12 13 5 89 35 77 47 85 93 21 68 40 62 53 52 55 7 85 60 1 6 90 63 43 82 93 36 10 50 21 89 52 27 46 17 11 31 43 80 76 89 40 41 92 92 7 56 78 6 86 26 68 26 73 74 4 79 62 18 38 97 95 51 35 3 30 36 46 52 59 62 27 59 72 56 86 18 87 18
61 90 99 27 3 83 22 76 56 61 59 25 63 5 67 58 46 57 78 44 67 40 58 73 9 64 67 47 37 28 78 19 79 10 41 25 65 64 56 55 64 51 62 30 21 89 27 18 4 80 91 72 62 38 89 52 15 4 23 87 31 36 93 60 33 9 53 39 54 33 93 42 27 91 86 27 73 71 95 23 61 42 87 80 88 60 84 72 19 81 87 98 64 68 73 29 16 90 25 9 95
99 76 65 10 31 75 14 54 64 25 85 15 68 44 7 40 25 15 18 1 27 33 12 65 36 64 42 92 29 60 49 86 23 4 19 69 94 75 41 44 71 16 97 48 3 9 61 75 83 71 31 62 16 59 20 70 93 9 3 92 17 10 12 3 50 59 84 89 16 30 84 25 68 72 98 3 86 89 10 9 11 75 34 5 67 15 94 92 43 26 76 1 95 2 80 25 61 46 49 9 96
98 69 33 7 87 59 77 84 88 36 66 6 24 77 86 39 19 29 99 31 91 75 64 7 33 10 37 4 78 12 95 93 27 23 79 41 66 78 18 87 27 21 58 36 19 68 34 98 78 21 98 15 83 49 65 19 93 39 8 78 63 38 77 82 8 91 7 72 74 4 91 23 66 60 21 56 86 3 92 44 25 28 39 45 99 13 50 46 45 73 25 93 22 25 61 88 58 70 44 61 95
93 3 19 52 54 68 29 88 10 38 90 50 50 59 97 20 45 38 63 64 14 4 37 67 49 45 37 64 9 79 37 87 75 74 88 94 24 93 5 62 45 81 50 55 71 38 78 7 65 83 30 96 35 65 5 89 7 67 48 16 96 90 88 73 58 45 37 87 85 76 56 61 80 80 77 84 82 64 32 57 18 71 92 45 12 33 3 24 6 91 1 56 13 60 42 29 45 60 6 48 62
27 41 16 72 63 69 37 87 22 85 56 60 55 8 99 23 85 65 42 85 20 47 53 21 96 60 82 19 16 84 29 80 34 12 55 38 45 44 54 90 10 89 48 75 23 25 24 79 75 14 72 67 68 48 19 1 4 40 7 16 58 95 69 34 61 79 17 54 96 68 3 82 46 50 55 87 58 87 75 88 17 64 40 47 77 11 3 98 65 5 98 79 46 89 39 66 5 76 71 41 61
95 41 65 25 8 54 15 15 78 43 53 66 36 16 85 17 88 94 22 93 90 24 50 5 9 92 53 70 23 23 82 99 31 16 72 33 49 24 15 16 64 89 27 15 71 80 73 96 46 97 62 78 8 77 22 41 62 17 78 67 70 55 54 32 36 17 85 15 85 64 81 79 7 28 12 16 78 20 83 13 97 42 73 91 20 46 36 52 59 29 60 25 20 4 4 87 99 43 5 44 48
93 43 49 25 3 6 60 93 92 75 57 34 12 43 13 89 85 87 25 14 1 12 13 24 96 71 16 76 98 78 39 68 19 90 54 40 92 46 49 76 84 79 83 21 83 94 43 11 59 99 22 20 16 37 80 59 11 2 48 39 46 10 83 43 61 86 45 86 9 67 81 18 55 83 17 33 7 93 91 45 95 57 80 18 34 15 97 80 73 29 35 40 47 66 25 89 81 40 91 94 65
46 32 56 82 65 15 94 61 96 79 30 94 27 46 70 41 12 35 84 93 80 96 31 92 85 71 22 26 82 87 92 83 65 67 28 38 87 83 89 1 43 15 7 49 39 5 55 65 97 15 41 80 94 69 94 78 84 49 26 83 77 96 94 15 16 69 97 33 56 5 75 62 68 71 94 86 82 91 96 57 4 80 69 21 64 44 47 10 88 4 33 25 32 1 20 25 67 77 38 45 93
55 89 72 87 50 42 66 1 55 91 8 80 37 11 67 82 29 24 41 22 17 56 87 32 50 6 27 40 6 27 23 44 41 98 78 24 77 68 51 88 14 84 34 95 45 87 38 59 59 59 55 83 29 30 55 88 64 63 9 57 32 64 54 7 19 28 11 57 16 55 64 35 64 13 74 35 12 32 29 87 59 60 62 55 11 36 84 38 67 62 36 94 32 19 34 15 2 14 22 58 88
7 84 56 69 31 43 50 69 35 72 54 35 54 67 22 98 77 61 34 82 53 69 61 39 43 1 85 63 37 81 50 37 92 94 7 43 21 43 62 55 88 51 95 63 83 63 64 27 65 94 63 13 1 47 85 12 41 32 61 54 24 85 16 35 12 45 86 48 66 14 93 83 18 24 93 76 71 94 38 9 44 61 45 33 32 52 11 80 96 68 74 21 87 62 91 23 13 89 61 1 35
44 75 31 24 62 11 82 28 16 97 44 12 29 3 79 23 66 37 77 13 88 20 42 71 25 38 36 64 65 92 36 9 46 22 75 32 20 69 99 8 23 31 55 72 82 44 47 20 99 57 10 70 58 9 10 33 8 83 71 57 58 16 27 70 34 14 82 30 46 49 17 5 20 75 91 54 38 36 43 72 95 56 19 11 47 47 86 42 25 28 80 63 20 13 58 41 43 43 46 31 79
49 66 20 82 17 72 49 71 5 26 33 52 33 19 76 46 14 66 81 93 58 49 4 54 60 46 15 95 62 18 58 37 6 70 76 52 8 48 52 37 39 71 66 31 22 95 97 40 5 19 29 66 22 53 34 71 25 56 85 85 66 86 1 28 50 49 4 10 73 44 62 34 80 28 2 25 17 66 84 58 84 25 82 63 79 22 96 85 22 95 7 77 42 93 32 62 66 30 29 90 86
37 76 34 28 34 1 87 75 1 21 25 54 18 12 32 47 97 94 55 43 98 5 70 35 98 39 63 45 48 16 79 67 71 16 89 28 9 59 40 75 25 64 40 85 71 39 49 45 73 37 29 81 15 99 45 35 9 2 86 64 61 51 5 81 64 56 19 3 32 96 56 60 80 63 7 79 74 29 62 26 15 22 64 26 4 48 22 62 11 52 45 24 92 88 39 64 94 87 79 91 86
86 43 89 87 14 14 47 34 60 54 39 46 82 76 91 45 7 89 28 59 82 38 51 89 40 64 19 58 89 46 13 83 39 77 63 36 71 46 66 66 47 90 42 38 70 60 54 65 67 19 60 32 49 50 64 78 31 43 95 90 69 80 5 33 93 66 5 53 25 82 39 49 21 32 58 3 9 93 21 26 96 22 20 91 86 22 68 72 64 65 9 96 58 82 26 34 94 92 59 27 34
53 25 53 54 49 61 83 72 66 92 30 1 58 37 63 47 12 78 99 49 67 56 39 53 7 15 88 71 76 6 58 47 67 64 9 16 63 92 92 30 91 36 36 86 9 27 50 4 94 92 44 33 13 58 96 37 95 38 97 34 64 47 18 15 96 45 8 41 64 28 9 64 73 34 99 45 48 87 66 25 13 37 60 59 60 94 28 4 56 9 10 89 98 90 55 85 2 70 63 7 3
75 92 51 11 89 80 79 49 90 63 21 60 30 89 28 39 52 73 1 36 86 71 36 33 16 35 6 10 10 95 4 82 65 52 24 46 95 26 99 24 21 81 74 5 17 39 97 82 98 43 56 38 67 90 76 13 61 93 63 81 48 91 62 25 45 53 71 59 10 47 35 32 29 71 14 49 69 32 47 10 25 91 99 89 57 10 7 38 11 75 24 2 97 23 60 15 34 58 68 28 49
94 99 83 87 6 55 17 64 2 99 82 85 70 54 76 47 54 44 98 7 32 17 20 51 69 55 99 39 6 61 10 76 81 12 78 25 43 6 97 32 82 98 18 94 2 65 46 3 43 89 66 51 63 99 13 91 11 27 47 41 25 78 80 43 66 28 64 9 72 79 81 80 74 5 8 6 54 21 69 85 65 51 36 46 11 58 77 23 57 41 89 3 62 80 34 81 73 25 40 4 9
16 56 48 27 11 36 65 46 44 64 74 44 84 37 8 56 3 84 55 85 57 77 91 77 47 4 24 24 45 95 64 46 55 27 95 13 49 50 26 78 96 61 77 22 15 70 31 86 51 55 42 68 77 78 27 64 97 37 65 21 55 9 3 40 3 58 8 75 3 46 56 62 71 85 25 56 90 82 80 65 9 21 15 46 57 8 30 89 27 71 78 41 59 78 75 34 94 3 93 73 53
1 44 5 94 42 90 45 65 69 57 87 63 36 7 91 39 20 79 71 32 29 65 52 91 27 8 83 2 81 69 88 77 43 38 58 41 50 75 76 50 52 81 82 81 75 66 91 46 81 32 98 88 49 82 22 5 18 99 41 79 52 17 90 9 33 95 41 14 60 20 93 51 71 89 35 32 46 58 93 11 5 69 46 15 42 50 31 65 73 22 80 36 78 18 93 69 54 87 44 23 75
28 49 8 72 79 27 15 41 58 16 3 9 86 81 37 66 68 85 85 94 44 69 36 20 92 37 24 28 62 39 67 52 37 32 65 77 10 56 49 50 14 4 46 95 66 9 36 17 61 98 4 84 12 45 71 71 12 40 66 10 22 82 86 44 64 43 55 76 51 41 80 90 74 83 9 93 82 55 43 73 54 72 82 63 78 65 90 37 70 73 73 71 6 52 29 42 68 46 52 91 45
93 76 28 21 22 71 6 98 6 92 45 18 1 60 59 51 29 11 1 22 76 56 12 53 55 11 42 29 85 87 80 2 69 37 60 76 68 64 88 33 29 26 62 71 98 37 80 10 78 50 78 72 47 2 7 48 63 98 73 97 12 37 55 88 36 72 37 97 50 14 32 77 39 30 86 29 9 25 87 57 44 67 36 40 51 72 91 5 46 27 61 71 69 94 80 72 40 99 83 50 8
95 29 78 8 83 41 77 40 31 56 68 63 48 88 79 8 73 62 98 60 97 97 24 17 95 78 74 43 11 98 6 57 31 96 45 57 33 45 3 32 35 95 95 43 76 52 3 10 70 90 83 46 20 33 90 44 93 77 64 69 95 73 34 11 13 40 18 44 95 61 43 99 75 83 54 78 36 15 83 31 71 78 90 30 65 59 39 44 41 93 63 27 76 52 89 65 83 35 13 78 97
6 36 74 25 86 24 43 49 61 25 62 11 1 89 18 48 79 88 54 74 75 13 62 74 37 46 95 25 20 88 35 99 95 90 22 18 98 62 35 23 24 76 93 60 7 68 37 25 50 2 83 83 47 98 94 4 80 75 47 74 48 66 28 63 81 37 29 13 37 72 91 30 71 31 12 58 70 15 88 58 31 10 17 98 35 65 69 96 83 78 35 78 13 4 88 39 46 49 71 12 65
23 9 89 60 59 41 9 73 50 60 11 19 57 94 2 49 99 5 13 16 84 59 91 39 99 55 25 52 90 56 11 61 43 14 43 49 9 58 78 49 14 66 45 89 66 82 80 73 75 75 63 2 82 80 9 9 29 45 14 41 19 92 69 33 45 55 73 89 40 20 3 13 90 52 13 44 99 95 67 91 26 9 91 17 96 67 16 65 10 3 77 86 27 30 89 29 15 35 49 31 81
32 45 66 12 11 78 3 62 30 8 46 80 69 6 49 92 19 53 77 53 48 1 21 2 91 17 92 2 16 31 12 80 44 81 1 69 28 33 78 93 54 26 63 39 91 7 32 46 44 82 5 8 15 47 98 80 26 33 41 20 11 54 25 89 79 50 92 21 97 36 31 77 70 5 47 88 9 77 99 8 66 80 56 81 35 74 61 13 82 5 41 96 22 93 89 39 57 12 81 93 9
40 59 75 48 25 71 3 40 58 17 18 29 52 34 20 5 42 54 52 31 51 7 15 98 42 34 90 7 82 55 79 75 85 18 71 73 42 67 98 7 66 51 23 98 99 6 8 9 83 86 92 74 44 79 56 87 65 46 75 37 18 54 40 2 57 44 30 62 62 26 95 92 18 21 83 14 53 91 94 63 90 85 87 72 74 76 66 68 7 82 2 48 81 53 59 94 98 92 14 13 67
21 22 84 48 37 89 36 37 2 14 26 90 61 54 19 12 70 8 58 56 88 73 82 9 16 66 11 58 76 39 16 9 84 32 51 39 76 74 6 89 27 44 86 85 3 73 83 9 60 1 34 66 98 29 13 77 56 45 24 27 77 34 51 43 58 33 19 21 40 90 77 1 26 51 44 67 41 67 60 98 20 9 20 75 19 74 3 71 51 25 40 38 42 85 67 28 70 12 60 61 2
31 78 74 12 82 87 65 75 65 30 65 41 85 72 59 29 18 50 80 67 41 9 94 95 51 78 52 10 5 93 54 47 31 48 36 51 31 26 20 16 73 65 99 33 87 65 82 99 28 93 63 88 48 82 85 66 64 76 75 90 91 23 18 44 97 23 73 87 72 6 27 69 53 27 27 90 79 29 29 66 51 25 35 66 50 63 46 27 71 9 49 94 6 10 2 72 53 86 82 54 66
21 58 87 46 89 60 51 35 24 14 58 46 78 76 30 67 87 50 44 91 9 91 13 99 28 82 9 60 52 97 43 36 13 33 86 13 14 5 39 9 4 4 86 13 49 36 13 15 2 78 31 6 86 94 8 6 63 57 48 4 21 17 27 58 26 43 92 81 29 68 32 26 95 3 17 62 88 76 39 95 3 57 5 5 28 85 72 17 86 23 18 7 41 82 45 88 94 74 24 22 8
47 10 23 97 95 32 46 49 51 11 23 54 17 10 45 65 53 61 34 41 76 54 78 20 1 15 16 45 68 86 77 82 77 70 26 29 87 27 20 22 53 84 32 56 51 34 70 66 69 7 76 23 97 89 45 92 61 63 86 78 9 5 47 18 71 10 85 21 91 38 27 33 14 80 96 91 82 30 32 82 43 46 93 35 16 15 10 86 96 83 65 18 1 36 30 84 86 44 86 95 9
42 16 72 77 95 90 49 5 20 67 14 4 9 65 28 18 22 60 65 96 19 8 26 27 66 45 55 18 90 85 1 63 15 60 22 32 67 89 97 22 79 61 18 42 77 54 3 72 38 18 91 70 51 88 53 36 97 56 48 40 12 45 84 84 30 51 93 90 37 25 69 83 41 8 34 34 67 26 27 81 49 45 18 39 99 25 3 92 58 82 78 92 2 12 35 25 18 59 44 94 85
96 19 45 44 30 8 50 51 38 56 47 75 42 86 31 24 25 19 45 22 18 39 72 27 45 29 74 11 86 27 91 79 57 75 95 48 98 30 48 20 95 3 11 6 17 92 30 39 87 58 89 19 46 88 78 33 7 71 29 74 99 41 44 57 75 5 53 76 29 22 54 53 70 65 39 38 65 95 49 54 30 33 28 30 48 55 15 20 87 66 31 35 86 67 31 28 56 4 14 78 81
85 53 55 63 76 62 56 71 29 36 34 32 63 74 56 72 22 51 89 14 25 29 21 22 17 56 37 10 93 75 10 6 92 92 23 31 66 34 51 34 22 41 92 75 80 97 35 7 60 47 14 43 73 73 43 66 47 36 69 65 45 84 10 2 74 66 94 18 91 60 40 80 49 80 78 88 1 18 46 13 10 6 4 63 29 99 6 37 54 22 86 2 45 41 56 58 31 47 37 4 47
77 74 88 27 70 24 67 14 7 77 59 54 41 30 14 60 32 99 69 62 24 43 62 73 3 64 93 45 30 63 16 79 31 80 6 22 49 65 13 78 18 43 79 60 77 28 23 63 8 25 18 8 58 5 13 26 22 85 53 98 24 86 50 25 40 91 89 94 69 13 81 97 85 27 79 19 65 3 90 1 71 39 44 15 35 8 15 64 93 25 17 34 28 34 98 73 39 54 30 85 28
4 8 6 80 56 11 10 70 33 46 40 9 6 91 86 5 81 96 37 14 59 78 13 50 48 67 63 81 82 96 21 64 86 64 91 19 6 39 46 77 75 40 72 21 97 32 38 53 58 5 45 27 36 80 99 32 64 36 12 72 62 7 73 53 97 64 95 17 10 5 59 49 64 28 12 49 92 3 33 86 87 89 36 67 39 48 39 9 63 4 72 29 86 89 34 78 1 27 47 71 84
41 11 65 88 51 87 33 64 70 31 16 52 85 2 70 55 10 23 11 39 92 99 86 57 86 57 97 75 7 54 48 42 21 58 69 45 48 99 49 66 42 2 78 71 84 67 97 39 19 1 35 38 63 41 31 2 75 87 54 45 28 4 49 45 30 93 24 16 26 84 5 55 9 51 98 96 18 34 57 56 27 82 46 15 57 80 59 35 41 63 61 45 86 28 94 92 9 23 87 62 87
85 26 78 39 65 31 48 9 24 6 56 20 86 84 29 59 9 58 81 20 84 14 24 20 47 1 2 4 26 98 54 78 52 74 62 65 41 61 9 69 96 54 91 58 30 48 71 26 78 15 19 13 54 62 91 3 44 64 11 89 86 57 93 34 29 52 92 79 35 60 36 90 79 62 15 38 53 70 29 84 83 17 49 15 38 33 59 40 88 88 33 61 70 85 78 20 17 5 39 13 19
67 7 1 12 31 46 80 71 85 70 98 97 46 37 96 74 29 45 79 52 97 36 22 11 5 90 74 64 68 71 43 54 40 16 47 23 53 61 60 52 14 96 27 61 95 79 6 17 75 8 55 95 65 54 33 57 87 62 68 35 22 79 98 46 41 99 21 59 33 40 97 9 66 72 29 93 18 88 75 58 47 3 19 83 36 72 49 27 79 45 97 4 83 61 2 57 92 2 54 54 28
81 28 17 93 74 82 12 4 82 90 1 15 62 15 48 21 5 22 45 88 71 6 16 2 79 58 85 30 85 67 11 87 71 86 16 22 43 59 28 95 77 24 98 7 7 99 32 99 58 23 63 62 36 68 59 78 47 41 94 21 38 77 86 49 46 29 83 35 26 51 81 54 50 69 40 33 58 59 58 73 9 47 29 75 40 11 97 44 50 22 96 24 20 8 18 22 87 18 67 27 92
8 21 2 84 95 5 2 17 53 48 60 11 65 2 68 13 25 24 28 11 19 25 88 44 77 61 1 66 22 42 42 44 71 25 40 33 36 44 60 29 22 27 98 28 32 19 1 16 57 63 19 26 98 81 33 61 94 14 20 98 51 55 73 95 3 61 23 93 23 3 65 63 69 57 63 73 52 90 7 75 62 83 37 81 22 44 72 80 48 43 98 78 86 63 6 72 69 30 25 72 88
55 10 14 99 69 52 39 82 9 2 33 83 20 47 58 83 72 16 45 35 12 58 61 52 14 73 2 55 9 36 25 41 53 47 40 9 81 6 65 97 1 60 68 88 88 1 43 53 55 8 68 62 37 87 41 79 80 6 15 47 60 92 89 53 97 53 10 84 3 49 21 54 74 96 24 85 37 79 23 16 70 65 57 68 98 39 99 26 31 10 74 27 37 34 80 60 90 35 2 93 95
73 15 6 67 46 5 93 62 78 94 30 73 51 74 85 7 39 86 27 28 35 16 17 3 66 6 83 4 2 86 15 65 92 33 78 14 69 98 33 49 7 99 28 41 23 4 46 82 28 57 34 67 78 15 97 43 19 8 53 75 98 87 40 78 91 55 47 31 61 60 81 80 90 39 75 23 8 32 72 39 8 22 15 28 54 54 62 92 21 90 43 21 57 3 86 38 44 76 91 3 82
73 17 95 49 73 16 52 36 11 91 89 21 28 75 22 13 55 68 55 46 95 61 23 45 45 33 6 94 79 34 70 64 66 97 33 26 83 37 74 37 38 36 78 97 26 88 12 16 62 65 13 89 38 25 43 4 45 47 22 83 76 93 27 99 55 30 44 69 96 20 57 55 86 64 82 65 3 49 95 28 77 56 40 89 58 82 83 77 5 2 16 21 50 11 70 6 45 81 50 93 65
11 66 71 64 31 7 48 36 81 97 59 70 30 72 79 6 65 50 6 75 6 13 90 9 15 84 83 47 53 70 48 58 83 63 89 75 18 2 72 56 33 71 14 55 23 9 83 12 94 67 59 72 3 97 16 57 59 18 11 25 95 64 52 22 73 10 46 27 9 49 21 78 68 21 90 22 38 67 46 80 65 26 73 41 24 10 8 15 28 83 67 65 41 54 3 33 10 89 24 53 36
43 43 93 87 84 44 64 35 33 68 81 10 95 45 60 26 62 69 82 36 82 48 51 25 36 90 93 36 62 37 67 12 48 19 86 32 96 82 6 88 35 27 60 5 12 24 34 58 34 5 42 6 90 38 24 58 61 17 68 56 29 15 44 53 75 37 69 66 69 99 60 51 99 22 80 15 74 41 35 91 56 44 19 52 91 54 17 67 6 66 63 90 93 8 46 84 24 87 32 22 23
95 2 40 44 34 15 11 92 16 79 45 89 62 60 15 33 97 6 33 4 82 17 34 53 1 73 76 89 33 49 28 15 49 45 15 76 87 72 49 61 9 18 28 67 34 38 55 47 91 21 5 91 10 61 56 66 87 42 14 58 41 58 44 55 8 97 42 99 98 18 91 16 72 9 56 11 96 7 13 3 73 89 72 33 97 88 22 57 31 26 33 40 92 11 59 68 73 86 13 56 25
86 44 4 27 30 89 5 49 59 97 92 41 45 93 88 8 29 3 72 21 8 48 71 71 89 25 20 23 70 6 29 96 59 37 54 58 5 48 41 9 22 69 84 7 13 22 48 52 53 56 93 93 90 74 10 51 10 98 15 14 36 17 35 45 8 69 49 18 45 34 40 23 44 31 36 23 2 23 7 8 85 20 63 69 89 8 79 24 62 55 77 92 26 92 67 97 31 76 75 35 35
84 98 98 96 1 32 55 6 59 29 14 9 27 46 58 92 13 58 40 80 94 74 91 9 22 73 50 47 19 52 27 66 61 46 60 23 64 41 51 95 13 69 40 51 37 47 8 59 84 29 6 31 40 18 20 23 37 30 97 88 73 29 49 95 62 97 56 39 44 74 53 1 91 2 55 26 87 1 74 48 46 56 14 70 34 8 70 52 25 27 84 6 76 62 29 36 56 19 97 67 47
72 94 92 74 58 3 73 98 91 37 8 25 95 89 72 98 58 43 73 17 77 39 60 4 59 16 79 57 74 25 65 63 78 76 91 61 18 99 83 39 62 20 69 61 82 99 89 21 75 74 90 63 97 3 88 72 21 36 74 43 11 70 21 80 40 61 71 2 32 65 38 84 86 35 44 75 55 80 18 16 16 39 89 35 65 13 90 48 63 63 43 22 26 90 71 21 42 47 56 94 17
83 85 28 72 24 98 82 1 14 27 43 40 91 11 33 39 55 96 71 21 57 17 77 62 39 38 92 62 97 68 81 56 47 65 37 70 16 54 12 65 74 65 55 89 23 93 83 28 92 89 64 93 92 20 59 46 3 98 81 42 3 27 77 9 25 10 99 16 10 26 67 9 28 27 71 86 30 27 18 22 57 83 55 83 60 92 95 38 37 2 59 92 18 14 96 70 34 84 80 33 57
38 38 16 63 11 60 52 47 41 99 74 3 17 81 5 76 80 97 38 11 95 51 85 21 84 62 62 78 94 19 36 41 91 99 36 19 11 38 69 37 11 18 71 99 39 20 16 6 65 71 47 58 46 47 77 54 49 70 97 20 84 54 53 86 59 17 2 72 68 23 46 25 23 77 47 64 75 98 38 59 82 80 68 74 67 4 57 58 34 38 81 26 10 42 38 69 13 42 85 99 53
41 17 57 54 91 74 84 50 59 98 89 42 93 70 96 81 28 50 26 88 90 25 77 43 4 4 39 23 71 97 58 76 91 51 55 79 39 92 98 17 96 58 47 72 11 11 14 58 47 35 12 62 12 16 53 24 71 38 38 62 59 82 50 78 10 46 91 13 65 53 41 9 61 93 52 32 66 28 32 95 52 90 73 43 40 63 92 63 52 8 79 65 1 18 27 51 18 44 61 41 50
70 22 85 94 3 97 22 60 25 83 64 96 31 2 59 83 11 11 54 51 54 69 97 68 20 75 13 45 5 27 13 74 26 47 73 8 54 2 85 13 20 50 58 44 46 1 62 78 5 7 5 11 71 79 73 59 15 79 46 51 70 37 47 49 85 2 2 84 5 75 80 72 88 7 10 1 31 37 78 76 69 59 76 86 2 9 11 86 28 41 5 46 98 88 36 12 64 82 33 92 75
63 19 3 76 98 95 39 41 77 93 4 19 33 15 45 67 43 60 19 47 42 42 30 45 45 90 23 57 13 40 6 29 74 53 22 45 13 30 98 50 80 97 32 62 29 10 24 16 54 46 73 80 39 95 82 9 87 11 55 35 99 30 57 98 58 75 55 98 39 13 75 59 19 15 80 29 98 2 51 49 46 37 49 24 43 16 57 52 11 26 15 25 21 11 31 1 23 48 47 62 17
38 9 71 51 83 46 28 49 96 92 49 4 59 68 8 43 10 33 78 91 33 78 90 71 40 86 48 11 88 16 84 17 59 24 64 32 94 58 55 60 39 92 17 85 36 81 4 21 20 77 5 18 97 76 63 94 7 79 14 77 95 98 87 28 67 61 25 97 76 67 30 63 7 19 52 23 32 28 99 91 84 66 62 42 83 42 61 11 94 56 49 68 49 25 48 73 47 14 60 92 30
38 70 3 61 9 56 45 78 56 79 16 31 93 23 89 49 22 75 91 66 34 18 59 55 61 44 30 44 67 15 96 49 91 88 99 18 14 21 65 29 92 86 44 61 20 4 94 47 17 84 92 42 69 23 52 95 83 64 29 15 65 32 60 81 36 41 7 95 51 7 79 70 35 65 95 16 66 60 63 78 90 82 17 95 65 94 75 68 59 60 13 23 44 85 97 32 45 69 1 48 34
65 34 34 31 95 90 62 52 48 31 91 94 65 28 7 59 35 56 53 10 4 97 83 64 74 96 36 25 27 28 12 47 1 14 52 93 14 44 37 46 70 9 45 93 46 79 37 14 73 87 44 86 28 36 64 90 62 17 59 83 82 12 24 27 31 27 95 50 63 42 62 37 6 35 47 26 31 71 27 96 27 16 63 56 92 7 40 24 88 56 89 46 95 10 45 48 62 2 62 50 66
70 74 2 82 70 97 16 81 59 91 77 41 20 63 25 29 17 70 83 91 23 10 15 79 46 45 22 61 13 70 1 91 84 43 61 44 50 90 77 5 15 57 40 87 80 93 26 88 1 91 60 94 55 96 43 25 62 16 59 53 95 76 30 69 64 33 13 61 67 85 12 91 46 41 80 56 28 94 82 19 57 26 79 83 51 59 67 29 99 55 44 48 36 8 27 39 12 31 62 73 42
84 47 33 35 77 1 61 43 95 95 61 76 22 27 83 73 86 72 32 20 33 80 70 17 8 87 98 23 71 57 12 39 71 46 49 28 50 82 67 89 44 34 48 21 80 48 23 14 70 19 31 40 30 31 20 66 62 65 97 77 17 93 27 30 40 17 81 26 74 34 5 82 67 71 67 64 5 18 67 32 12 42 89 7 77 68 59 70 46 18 96 10 70 79 46 29 60 47 65 92 20
42 75 49 73 19 22 6 12 14 31 90 42 14 93 16 38 97 27 95 30 11 26 75 29 18 2 20 67 33 71 88 97 43 94 47 93 56 99 92 89 1 90 76 27 69 17 35 75 43 77 66 58 11 91 94 52 35 84 1 68 31 41 90 98 34 45 70 72 72 15 52 46 67 27 45 95 37 35 77 37 22 80 19 77 66 76 3 85 18 41 72 14 35 64 37 13 78 66 14 76 61
52 99 39 83 59 21 80 82 46 82 30 13 55 42 13 93 89 27 91 83 77 53 72 27 56 27 36 93 4 33 50 71 32 31 21 12 63 6 70 63 34 67 81 23 7 38 28 91 91 13 19 47 38 77 13 92 54 41 99 71 81 52 71 22 35 33 63 71 79 31 23 78 98 61 88 30 96 27 47 14 16 57 26 5 93 48 81 67 65 37 13 99 21 46 67 90 97 84 28 5 32
16 25 47 73 93 75 18 72 46 11 46 73 7 58 71 1 53 17 23 53 44 26 16 68 9 93 54 48 28 42 39 61 36 92 72 81 61 92 30 49 19 76 60 69 30 12 45 42 2 33 25 18 12 18 1 39 67 78 31 1 9 43 80 93 30 73 93 56 12 15 96 16 29 61 95 70 39 55 40 68 93 36 24 33 34 47 5 74 96 51 65 63 75 78 16 72 39 94 37 80 39
55 85 27 94 99 20 36 41 52 30 69 24 85 47 37 76 68 14 71 30 54 15 6 7 81 12 68 20 88 78 69 32 56 49 81 32 61 88 68 59 5 76 85 92 19 56 24 4 48 31 98 29 82 59 32 83 61 13 70 70 63 47 86 91 46 45 1 73 25 6 74 59 78 47 39 53 18 9 94 39 35 26 52 20 68 90 72 97 38 87 64 45 76 91 58 74 86 5 88 71 52
50 4 54 57 27 82 64 20 73 91 63 22 8 16 7 88 55 55 62 34 67 26 62 70 2 97 9 83 90 2 5 16 96 96 72 3 37 66 29 53 53 19 80 89 99 24 19 14 13 65 51 87 59 29 27 10 88 68 4 45 37 99 40 18 64 46 4 93 95 42 55 97 28 22 37 96 62 83 75 93 47 75 90 37 86 42 22 28 28 93 37 8 85 22 68 68 55 11 72 75 14
80 21 74 12 81 96 39 16 29 32 45 69 11 8 92 60 79 47 16 1 6 64 94 2 29 48 12 37 66 85 34 57 49 98 17 46 44 69 4 7 43 52 89 12 58 97 91 52 2 59 52 42 96 44 20 51 43 99 42 90 98 99 28 4 25 90 41 25 38 54 77 15 1 43 12 77 35 33 45 58 83 33 44 93 58 59 17 17 23 78 85 96 21 58 35 47 36 8 95 80 12
98 25 42 21 74 33 33 58 19 72 82 2 57 31 93 27 93 61 90 72 15 5 21 6 10 24 63 57 67 98 67 68 72 91 5 70 56 82 32 55 70 26 90 25 37 59 17 43 53 29 15 51 37 97 45 50 49 81 60 32 3 12 8 90 56 15 7 60 76 67 83 81 59 26 78 80 96 89 70 15 58 99 38 12 44 16 26 13 8 16 85 34 12 27 78 28 10 22 41 78 93
40 39 27 80 26 20 69 96 72 69 38 14 7 71 59 81 42 57 55 17 90 22 59 94 46 42 18 53 60 95 39 83 90 94 3 42 56 73 74 16 9 92 72 91 57 88 82 70 15 75 52 92 41 31 93 29 25 82 70 37 74 4 35 85 57 63 79 28 27 19 76 78 56 52 78 71 57 80 11 37 23 54 14 63 36 92 29 61 52 25 85 86 43 91 30 20 6 98 9 31 36
61 98 37 72 20 6 83 26 35 29 3 76 70 84 23 88 23 12 31 18 85 88 11 62 69 15 92 88 75 2 34 9 57 31 69 6 55 63 8 47 36 49 40 71 18 90 79 31 25 6 28 55 90 70 46 67 9 90 31 28 60 95 57 52 93 73 44 82 20 22 51 86 18 58 46 10 4 53 95 16 38 41 28 63 45 69 57 99 43 67 50 2 90 71 76 16 27 98 95 81 30
30 10 48 83 58 75 4 39 64 19 82 66 75 66 44 23 76 94 47 10 99 10 2 99 57 32 8 85 6 65 37 4 24 9 40 44 18 50 97 38 44 2 51 42 62 27 22 18 36 88 15 5 68 51 62 5 1 69 8 22 74 38 13 90 26 10 91 75 92 75 18 73 51 30 3 34 54 39 36 64 30 62 96 58 13 31 89 23 67 71 27 25 15 16 90 4 64 29 32 70 36
50 11 96 5 75 54 98 37 30 89 45 12 39 65 4 58 4 91 91 53 85 16 96 94 5 88 98 30 71 62 65 85 12 81 12 48 63 58 83 1 36 49 83 70 94 64 21 94 42 66 87 30 56 20 56 32 50 79 28 88 34 49 42 40 98 90 41 10 6 25 49 48 23 5 19 88 51 17 64 96 30 37 30 78 43 4 38 34 37 98 18 37 52 90 33 17 80 6 63 7 75
45 15 11 80 6 35 78 86 9 14 50 51 49 38 62 35 40 59 62 26 6 80 85 76 52 15 59 81 41 72 58 79 61 75 96 14 77 20 7 49 39 91 63 70 43 49 88 62 37 45 95 10 16 94 86 1 86 36 83 4 88 50 12 24 63 29 66 91 36 6 98 1 89 66 17 86 32 30 83 57 94 55 56 41 46 38 79 38 1 37 87 50 32 17 83 75 17 39 43 86 50
24 56 58 76 19 77 65 58 93 24 98 39 45 67 98 87 80 29 6 45 70 96 7 32 57 24 56 10 40 93 8 92 12 83 53 89 18 92 10 67 11 79 53 7 87 10 85 67 62 54 58 49 46 29 97 68 57 98 11 28 23 61 46 55 40 91 52 12 56 11 8 34 47 59 71 62 80 63 50 90 14 73 45 82 16 54 91 1 73 7 67 99 81 80 72 8 2 38 10 64 95
86 13 62 41 2 88 89 36 66 87 55 88 92 95 11 48 87 2 55 98 73 29 40 18 48 4 44 47 47 75 29 70 70 75 7 23 44 22 1 23 54 13 99 67 20 23 60 12 47 30 71 73 95 76 79 19 5 96 81 15 1 58 66 10 55 72 53 35 20 71 82 93 33 28 65 56 79 11 18 43 35 23 52 95 10 34 74 84 86 66 87 24 54 83 64 83 58 82 10 66 44
92 73 80 65 91 99 15 5 46 23 99 86 14 24 78 67 21 95 58 90 26 45 72 84 55 49 85 77 1 12 2 73 37 76 56 73 5 44 48 35 5 36 23 4 60 24 22 64 46 78 57 10 29 71 57 59 44 30 66 46 22 46 76 10 66 54 52 65 91 29 79 72 43 34 94 61 10 74 6 85 10 55 17 87 91 83 32 34 34 97 84 69 98 67 32 24 52 91 53 48 82
81 46 10 81 67 45 37 79 43 83 14 74 85 98 73 25 59 14 33 49 36 93 50 82 52 17 84 16 40 40 28 35 31 62 76 18 70 19 5 95 83 92 21 26 97 95 58 51 67 57 18 41 11 23 53 88 28 99 1 77 17 89 11 87 93 6 40 82 82 3 53 69 49 31 97 59 97 57 17 60 64 67 98 5 28 98 34 51 37 7 57 88 95 57 90 28 88 42 1 99 14
64 38 79 67 52 73 47 7 68 50 23 12 31 23 52 30 84 58 77 71 38 72 3 24 80 99 75 22 87 25 98 99 1 55 10 13 8 37 41 75 10 10 75 57 49 94 25 35 6 84 89 1 14 44 78 11 25 52 16 40 76 84 25 93 23 65 72 54 8 61 6 4 26 30 75 10 35 67 43 77 63 47 99 70 99 13 80 42 94 97 71 42 97 28 8 93 76 89 55 69 8
5 32 9 58 66 12 70 25 80 31 10 69 74 96 47 23 97 23 27 49 38 73 4 4 69 95 7 42 10 36 83 43 58 42 88 47 60 17 4 33 62 76 20 81 61 78 5 91 92 32 64 83 72 77 75 55 9 85 45 50 46 87 58 28 60 9 17 42 12 75 47 44 46 11 89 11 18 87 77 32 22 30 79 95 14 50 52 45 16 60 39 97 1 26 16 97 32 15 9 42 58
